X , Y , error , micros , speed
0.04 , 0.04 , 0 , 14048536 , 0.05
0.04 , 0.04 , 0 , 14073888 , 0.00
0.04 , 0.04 , 0 , 14099180 , 0.00
0.04 , 0.04 , 0 , 14124472 , 0.00
0.04 , 0.04 , 0 , 14149768 , 0.00
0.04 , 0.04 , 0 , 14175056 , 0.00
0.04 , 0.04 , 0 , 14200356 , 0.00
0.04 , 0.04 , 0 , 14225652 , 0.00
0.04 , 0.04 , 0 , 14250948 , 0.00
0.04 , 0.04 , 0 , 14276244 , 0.00
0.04 , 0.04 , 0 , 14301520 , 0.00
0.04 , 0.04 , 0 , 14326840 , 0.00
0.00 , 0.00 , 0 , 15349312 , 0.06
0.00 , 0.00 , 0 , 15373352 , 0.00
0.00 , 0.00 , 0 , 15397836 , 1.29
0.00 , 0.00 , 0 , 15422332 , 0.22
0.00 , 0.00 , 0 , 15446788 , 0.22
0.00 , 0.00 , 0 , 15471292 , 0.66
0.00 , 0.00 , 0 , 15495716 , 0.22
0.00 , 0.00 , 0 , 15520136 , 0.48
0.00 , 0.00 , 0 , 15544532 , 0.31
0.00 , 0.00 , 0 , 15568892 , 0.00
0.00 , 0.00 , 0 , 15593192 , 0.35
0.00 , 0.00 , 0 , 15617584 , 0.35
0.01 , 0.00 , 0 , 15641956 , 0.04
0.01 , 0.00 , 0 , 15666372 , 0.35
0.01 , 0.00 , 0 , 15690708 , 0.13
0.01 , 0.00 , 0 , 15715020 , 0.27
0.01 , 0.00 , 0 , 15739364 , 0.36
0.01 , 0.00 , 0 , 15763684 , 0.32
0.01 , 0.00 , 0 , 15788008 , 0.41
0.01 , 0.00 , 0 , 15812340 , 0.36
0.01 , 0.00 , 0 , 15836672 , 0.32
0.01 , 0.00 , 0 , 15861000 , 0.36
0.01 , 0.00 , 0 , 15885332 , 0.32
0.01 , 0.00 , 0 , 15909664 , 0.31
0.01 , 0.00 , 0 , 15934008 , 0.40
0.01 , 0.00 , 0 , 15958324 , 0.27
0.01 , 0.00 , 0 , 15982664 , 0.36
0.01 , 0.00 , 0 , 16007004 , 0.36
0.01 , 0.01 , 0 , 16031360 , 0.35
0.01 , 0.01 , 0 , 16055724 , 0.31
0.01 , 0.01 , 0 , 16080068 , 0.40
0.02 , 0.01 , 0 , 16104384 , 0.36
0.02 , 0.01 , 0 , 16128736 , 0.31
0.02 , 0.01 , 0 , 16153152 , 0.48
0.02 , 0.01 , 0 , 16177492 , 0.36
0.02 , 0.01 , 0 , 16201848 , 0.49
0.02 , 0.01 , 0 , 16226236 , 0.53
0.02 , 0.01 , 0 , 16250648 , 0.53
0.02 , 0.01 , 0 , 16275040 , 0.44
0.02 , 0.01 , 0 , 16299464 , 0.70
0.02 , 0.01 , 0 , 16323888 , 0.66
0.02 , 0.01 , 0 , 16348300 , 0.53
0.02 , 0.01 , 0 , 16372724 , 0.79
0.02 , 0.01 , 0 , 16397152 , 0.66
0.03 , 0.01 , 0 , 16421540 , 0.70
0.03 , 0.02 , 0 , 16445924 , 0.75
0.03 , 0.02 , 0 , 16470344 , 0.79
0.03 , 0.02 , 0 , 16494748 , 0.84
0.03 , 0.02 , 0 , 16519168 , 0.75
0.03 , 0.02 , 0 , 16543624 , 0.83
0.03 , 0.02 , 0 , 16568052 , 0.92
0.03 , 0.02 , 0 , 16592468 , 0.92
0.04 , 0.02 , 0 , 16616880 , 0.88
0.04 , 0.02 , 0 , 16641304 , 0.97
0.04 , 0.02 , 0 , 16665752 , 0.96
0.04 , 0.03 , 0 , 16690228 , 1.05
0.04 , 0.03 , 0 , 16714680 , 1.10
0.04 , 0.03 , 0 , 16739148 , 1.04
0.04 , 0.03 , 0 , 16763624 , 1.08
0.05 , 0.03 , 0 , 16788092 , 1.17
0.05 , 0.03 , 0 , 16812556 , 1.13
0.05 , 0.03 , 0 , 16837028 , 1.09
0.05 , 0.04 , 0 , 16861524 , 1.30
0.05 , 0.04 , 0 , 16886004 , 1.22
0.05 , 0.04 , 0 , 16910492 , 1.17
0.06 , 0.04 , 0 , 16934864 , 1.53
0.06 , 0.04 , 0 , 16959192 , 1.44
0.06 , 0.04 , 0 , 16983508 , 1.44
0.06 , 0.05 , 0 , 17008020 , 1.34
0.06 , 0.05 , 0 , 17032536 , 1.34
0.06 , 0.05 , 0 , 17057056 , 1.34
0.07 , 0.05 , 0 , 17081580 , 1.35
0.07 , 0.05 , 0 , 17106100 , 1.43
0.07 , 0.06 , 0 , 17130568 , 1.33
0.07 , 0.06 , 0 , 17155096 , 1.34
0.07 , 0.06 , 0 , 17179528 , 1.45
0.07 , 0.06 , 0 , 17203980 , 1.39
0.08 , 0.06 , 0 , 17228440 , 1.34
0.08 , 0.06 , 0 , 17252912 , 1.58
0.08 , 0.07 , 0 , 17277348 , 1.40
0.08 , 0.07 , 0 , 17301780 , 1.27
0.08 , 0.07 , 0 , 17326248 , 1.50
0.09 , 0.07 , 0 , 17350688 , 1.50
0.09 , 0.07 , 0 , 17375088 , 1.47
0.09 , 0.07 , 0 , 17399524 , 1.46
0.09 , 0.08 , 0 , 17423944 , 1.26
0.10 , 0.08 , 0 , 17448388 , 1.58
0.10 , 0.08 , 0 , 17472816 , 1.41
0.10 , 0.08 , 0 , 17497256 , 1.50
0.10 , 0.08 , 0 , 17521676 , 1.51
0.10 , 0.08 , 0 , 17546104 , 1.46
0.11 , 0.08 , 0 , 17570532 , 1.56
0.11 , 0.08 , 0 , 17594968 , 1.46
0.11 , 0.09 , 0 , 17619404 , 1.51
0.11 , 0.09 , 0 , 17643880 , 1.46
0.12 , 0.09 , 0 , 17668316 , 1.46
0.12 , 0.09 , 0 , 17692776 , 1.50
0.12 , 0.09 , 0 , 17717208 , 1.61
0.12 , 0.09 , 0 , 17741644 , 1.38
0.13 , 0.09 , 0 , 17766108 , 1.70
0.13 , 0.09 , 0 , 17790564 , 1.28
0.13 , 0.09 , 0 , 17815020 , 1.59
0.13 , 0.09 , 0 , 17839456 , 1.59
0.14 , 0.09 , 0 , 17863912 , 1.46
0.14 , 0.09 , 0 , 17888360 , 1.60
0.14 , 0.10 , 0 , 17912848 , 1.44
0.15 , 0.10 , 0 , 17937296 , 1.54
0.15 , 0.10 , 0 , 17961768 , 1.63
0.15 , 0.10 , 0 , 17986212 , 1.45
0.15 , 0.10 , 0 , 18010688 , 1.65
0.16 , 0.10 , 0 , 18035124 , 1.46
0.16 , 0.10 , 0 , 18059576 , 1.54
0.16 , 0.10 , 0 , 18084048 , 1.67
0.16 , 0.10 , 0 , 18108496 , 1.50
0.17 , 0.10 , 0 , 18132944 , 1.70
0.17 , 0.10 , 0 , 18157380 , 1.51
0.17 , 0.10 , 0 , 18181852 , 1.59
0.18 , 0.10 , 0 , 18206300 , 1.64
0.18 , 0.10 , 0 , 18230728 , 1.46
0.18 , 0.10 , 0 , 18255208 , 1.63
0.18 , 0.11 , 0 , 18279660 , 1.65
0.19 , 0.11 , 0 , 18304116 , 1.36
0.19 , 0.11 , 0 , 18328608 , 1.82
0.19 , 0.11 , 0 , 18353064 , 1.65
0.19 , 0.11 , 0 , 18377492 , 1.37
0.20 , 0.11 , 0 , 18401996 , 1.71
0.20 , 0.11 , 0 , 18426460 , 1.63
0.20 , 0.11 , 0 , 18450904 , 1.31
0.21 , 0.11 , 0 , 18475400 , 1.66
0.21 , 0.11 , 0 , 18499896 , 1.71
0.21 , 0.11 , 0 , 18524352 , 1.35
0.21 , 0.11 , 0 , 18548840 , 1.62
0.22 , 0.11 , 0 , 18573336 , 1.76
0.22 , 0.11 , 0 , 18597808 , 1.42
0.22 , 0.11 , 0 , 18622292 , 1.54
0.23 , 0.11 , 0 , 18646808 , 1.81
0.23 , 0.11 , 0 , 18671292 , 1.54
0.23 , 0.11 , 0 , 18695752 , 1.45
0.23 , 0.11 , 0 , 18720268 , 1.76
0.24 , 0.11 , 0 , 18744760 , 1.67
0.24 , 0.11 , 0 , 18769236 , 1.53
0.24 , 0.11 , 0 , 18793732 , 1.71
0.25 , 0.11 , 0 , 18818232 , 1.67
0.25 , 0.11 , 0 , 18842712 , 1.58
0.25 , 0.11 , 0 , 18867152 , 1.78
0.26 , 0.11 , 0 , 18891568 , 1.74
0.26 , 0.11 , 0 , 18916084 , 1.12
0.26 , 0.11 , 0 , 18940612 , 1.95
0.26 , 0.11 , 0 , 18965088 , 1.75
0.27 , 0.12 , 0 , 18989568 , 2.21
0.27 , 0.12 , 0 , 19014028 , 1.94
0.27 , 0.12 , 0 , 19038436 , 1.66
0.28 , 0.12 , 0 , 19062904 , 2.12
0.28 , 0.12 , 0 , 19087308 , 1.66
0.28 , 0.12 , 0 , 19111700 , 1.84
0.28 , 0.13 , 0 , 19136088 , 1.78
0.29 , 0.13 , 0 , 19160512 , 1.83
0.29 , 0.13 , 0 , 19184936 , 1.68
0.29 , 0.13 , 0 , 19209332 , 1.60
0.29 , 0.13 , 0 , 19233716 , 1.77
0.29 , 0.14 , 0 , 19258136 , 1.70
0.30 , 0.14 , 0 , 19282548 , 1.84
0.30 , 0.14 , 0 , 19306932 , 1.61
0.30 , 0.14 , 0 , 19331376 , 2.03
0.30 , 0.15 , 0 , 19355740 , 1.51
0.30 , 0.15 , 0 , 19380172 , 1.94
0.30 , 0.15 , 0 , 19404608 , 1.75
0.30 , 0.16 , 0 , 19429028 , 1.79
0.31 , 0.16 , 0 , 19453428 , 1.80
0.31 , 0.16 , 0 , 19477832 , 1.75
0.31 , 0.16 , 0 , 19502248 , 1.80
0.31 , 0.17 , 0 , 19526632 , 1.77
0.31 , 0.17 , 0 , 19551044 , 1.76
0.31 , 0.17 , 0 , 19575456 , 1.66
0.31 , 0.18 , 0 , 19599876 , 1.89
0.31 , 0.18 , 0 , 19624288 , 1.75
0.31 , 0.18 , 0 , 19648688 , 1.81
0.31 , 0.18 , 0 , 19673100 , 1.76
0.31 , 0.19 , 0 , 19697496 , 1.87
0.31 , 0.19 , 0 , 19721912 , 1.82
0.32 , 0.19 , 0 , 19746300 , 1.72
0.32 , 0.20 , 0 , 19770716 , 1.81
0.32 , 0.20 , 0 , 19795128 , 1.79
0.32 , 0.20 , 0 , 19819540 , 1.84
0.32 , 0.21 , 0 , 19843932 , 1.81
0.32 , 0.21 , 0 , 19868364 , 1.81
0.32 , 0.21 , 0 , 19892776 , 1.81
0.32 , 0.21 , 0 , 19917224 , 1.77
0.32 , 0.22 , 0 , 19941644 , 1.88
0.32 , 0.22 , 0 , 19966052 , 1.85
0.32 , 0.22 , 0 , 19990516 , 1.79
0.32 , 0.23 , 0 , 20014940 , 1.75
0.32 , 0.23 , 0 , 20039396 , 1.83
0.32 , 0.23 , 0 , 20063824 , 1.79
0.32 , 0.24 , 0 , 20088252 , 1.79
0.32 , 0.24 , 0 , 20112688 , 1.83
0.32 , 0.24 , 0 , 20137112 , 1.78
0.32 , 0.25 , 0 , 20161556 , 1.77
0.32 , 0.25 , 0 , 20185984 , 1.93
0.32 , 0.25 , 0 , 20210412 , 1.70
0.32 , 0.26 , 0 , 20234848 , 1.93
0.32 , 0.26 , 0 , 20259292 , 1.73
0.32 , 0.26 , 0 , 20283736 , 1.86
0.32 , 0.27 , 0 , 20308188 , 1.72
0.32 , 0.27 , 0 , 20332676 , 1.83
0.32 , 0.27 , 0 , 20357156 , 1.74
0.32 , 0.27 , 0 , 20381600 , 1.85
0.32 , 0.28 , 0 , 20406068 , 1.81
0.32 , 0.28 , 0 , 20430528 , 1.80
0.32 , 0.28 , 0 , 20454972 , 1.86
0.32 , 0.29 , 0 , 20479468 , 1.76
0.32 , 0.29 , 0 , 20503896 , 1.82
0.32 , 0.29 , 0 , 20528336 , 1.87
0.32 , 0.30 , 0 , 20552764 , 1.77
0.32 , 0.30 , 0 , 20577208 , 1.86
0.32 , 0.30 , 0 , 20601688 , 1.82
0.32 , 0.31 , 0 , 20626132 , 1.72
0.32 , 0.31 , 0 , 20650600 , 1.89
0.32 , 0.31 , 0 , 20675080 , 1.72
0.32 , 0.32 , 0 , 20699544 , 1.80
0.32 , 0.32 , 0 , 20723996 , 1.90
0.32 , 0.32 , 0 , 20748424 , 1.73
0.32 , 0.33 , 0 , 20772884 , 1.90
0.32 , 0.33 , 0 , 20797316 , 1.72
0.32 , 0.33 , 0 , 20821792 , 1.84
0.32 , 0.34 , 0 , 20846252 , 1.85
0.32 , 0.34 , 0 , 20870684 , 1.72
0.32 , 0.34 , 0 , 20895124 , 1.99
0.32 , 0.35 , 0 , 20919576 , 1.76
0.32 , 0.35 , 0 , 20944032 , 1.81
0.32 , 0.35 , 0 , 20968520 , 1.89
0.32 , 0.35 , 0 , 20992956 , 1.82
0.32 , 0.36 , 0 , 21017420 , 1.92
0.32 , 0.36 , 0 , 21041872 , 1.87
0.32 , 0.36 , 0 , 21066292 , 1.80
0.32 , 0.37 , 0 , 21090708 , 2.00
0.31 , 0.37 , 0 , 21115124 , 1.83
0.31 , 0.37 , 0 , 21139556 , 2.01
0.31 , 0.38 , 0 , 21163948 , 1.83
0.31 , 0.38 , 0 , 21188420 , 1.86
0.31 , 0.38 , 0 , 21212880 , 1.90
0.31 , 0.39 , 0 , 21237288 , 1.81
0.31 , 0.39 , 0 , 21261760 , 1.90
0.31 , 0.39 , 0 , 21286204 , 1.82
0.31 , 0.40 , 0 , 21310668 , 1.81
0.31 , 0.40 , 0 , 21335104 , 1.92
0.31 , 0.40 , 0 , 21359508 , 1.81
0.31 , 0.41 , 0 , 21383912 , 1.92
0.31 , 0.41 , 0 , 21408376 , 1.82
0.31 , 0.41 , 0 , 21432780 , 1.81
0.31 , 0.42 , 0 , 21457224 , 1.92
0.31 , 0.42 , 0 , 21481640 , 1.81
0.31 , 0.42 , 0 , 21506104 , 1.92
0.31 , 0.43 , 0 , 21530524 , 1.71
0.31 , 0.43 , 0 , 21554976 , 1.90
0.31 , 0.43 , 0 , 21579392 , 1.91
0.31 , 0.44 , 0 , 21603840 , 1.82
0.31 , 0.44 , 0 , 21628304 , 1.81
0.31 , 0.44 , 0 , 21652760 , 1.90
0.31 , 0.45 , 0 , 21677136 , 1.82
0.31 , 0.45 , 0 , 21701592 , 2.00
0.31 , 0.45 , 0 , 21726040 , 1.82
0.31 , 0.45 , 0 , 21750456 , 1.92
0.31 , 0.46 , 0 , 21774936 , 1.90
0.31 , 0.46 , 0 , 21799376 , 1.81
0.31 , 0.46 , 0 , 21823796 , 1.90
0.31 , 0.47 , 0 , 21848252 , 1.91
0.31 , 0.47 , 0 , 21872696 , 1.76
0.31 , 0.47 , 0 , 21897136 , 1.99
0.30 , 0.48 , 0 , 21921548 , 1.91
0.30 , 0.48 , 0 , 21946004 , 1.80
0.30 , 0.48 , 0 , 21970448 , 1.90
0.30 , 0.49 , 0 , 21994908 , 1.72
0.30 , 0.49 , 0 , 22019312 , 1.91
0.30 , 0.49 , 0 , 22043776 , 1.80
0.30 , 0.50 , 0 , 22068248 , 1.81
0.30 , 0.50 , 0 , 22092652 , 1.90
0.30 , 0.50 , 0 , 22117056 , 1.91
0.30 , 0.51 , 0 , 22141496 , 1.91
0.30 , 0.51 , 0 , 22165904 , 1.91
0.30 , 0.51 , 0 , 22190396 , 1.71
0.30 , 0.52 , 0 , 22214824 , 1.89
0.30 , 0.52 , 0 , 22239240 , 2.00
0.30 , 0.52 , 0 , 22263660 , 1.78
0.30 , 0.53 , 0 , 22288084 , 2.01
0.30 , 0.53 , 0 , 22312532 , 1.86
0.30 , 0.53 , 0 , 22336932 , 1.81
0.30 , 0.54 , 0 , 22361360 , 2.10
0.30 , 0.54 , 0 , 22385800 , 1.77
0.30 , 0.54 , 0 , 22410276 , 1.90
0.30 , 0.55 , 0 , 22434688 , 2.00
0.30 , 0.55 , 0 , 22459140 , 1.86
0.30 , 0.55 , 0 , 22483616 , 1.95
0.30 , 0.56 , 0 , 22508044 , 1.82
0.30 , 0.56 , 0 , 22532520 , 2.00
0.30 , 0.56 , 0 , 22556948 , 1.87
0.30 , 0.57 , 0 , 22581388 , 1.82
0.30 , 0.57 , 0 , 22605864 , 2.00
0.30 , 0.57 , 0 , 22630296 , 1.83
0.30 , 0.58 , 0 , 22654768 , 1.90
0.30 , 0.58 , 0 , 22679212 , 1.96
0.30 , 0.58 , 0 , 22703676 , 1.70
0.30 , 0.59 , 0 , 22728084 , 2.00
0.30 , 0.59 , 0 , 22752528 , 1.77
0.30 , 0.59 , 0 , 22777008 , 1.90
0.30 , 0.60 , 0 , 22801488 , 1.95
0.29 , 0.60 , 0 , 22825932 , 1.82
0.29 , 0.60 , 0 , 22850376 , 1.88
0.29 , 0.61 , 0 , 22874832 , 1.86
0.29 , 0.61 , 0 , 22899248 , 1.91
0.29 , 0.61 , 0 , 22923704 , 1.90
0.29 , 0.62 , 0 , 22948132 , 1.82
0.29 , 0.62 , 0 , 22972552 , 1.90
0.29 , 0.62 , 0 , 22997004 , 1.90
0.29 , 0.62 , 0 , 23021440 , 1.83
0.29 , 0.63 , 0 , 23045912 , 2.00
0.29 , 0.63 , 0 , 23070368 , 1.86
0.29 , 0.63 , 0 , 23094812 , 1.81
0.29 , 0.64 , 0 , 23119284 , 2.00
0.29 , 0.64 , 0 , 23143692 , 1.78
0.29 , 0.64 , 0 , 23168132 , 1.96
0.29 , 0.65 , 0 , 23192556 , 2.01
0.29 , 0.65 , 0 , 23216968 , 1.78
0.29 , 0.66 , 0 , 23241428 , 2.06
0.29 , 0.66 , 0 , 23265876 , 1.87
0.29 , 0.66 , 0 , 23290312 , 1.88
0.29 , 0.66 , 0 , 23314776 , 1.91
0.29 , 0.67 , 0 , 23339228 , 1.81
0.29 , 0.67 , 0 , 23363692 , 1.96
0.29 , 0.67 , 0 , 23388144 , 1.96
0.29 , 0.68 , 0 , 23412592 , 1.83
0.29 , 0.68 , 0 , 23436996 , 1.92
0.29 , 0.68 , 0 , 23461452 , 1.81
0.29 , 0.69 , 0 , 23485916 , 1.86
0.29 , 0.69 , 0 , 23510324 , 1.91
0.29 , 0.69 , 0 , 23534788 , 1.81
0.29 , 0.70 , 0 , 23559220 , 2.00
0.29 , 0.70 , 0 , 23583656 , 1.86
0.29 , 0.70 , 0 , 23608060 , 1.91
0.29 , 0.71 , 0 , 23632496 , 1.99
0.29 , 0.71 , 0 , 23656964 , 1.89
0.29 , 0.71 , 0 , 23681412 , 1.86
0.29 , 0.72 , 0 , 23705824 , 1.91
0.29 , 0.72 , 0 , 23730268 , 1.82
0.29 , 0.72 , 0 , 23754736 , 2.01
0.29 , 0.73 , 0 , 23779144 , 1.92
0.29 , 0.73 , 0 , 23803624 , 2.00
0.29 , 0.73 , 0 , 23828096 , 1.90
0.29 , 0.74 , 0 , 23852540 , 1.86
0.29 , 0.74 , 0 , 23877040 , 1.98
0.29 , 0.74 , 0 , 23901480 , 1.78
0.29 , 0.75 , 0 , 23925964 , 2.11
0.29 , 0.75 , 0 , 23950432 , 1.87
0.29 , 0.75 , 0 , 23974900 , 1.91
0.29 , 0.76 , 0 , 23999376 , 2.02
0.29 , 0.76 , 0 , 24023836 , 1.77
0.29 , 0.76 , 0 , 24048340 , 1.97
0.29 , 0.77 , 0 , 24072808 , 1.80
0.29 , 0.77 , 0 , 24097272 , 1.89
0.29 , 0.77 , 0 , 24121712 , 1.99
0.29 , 0.78 , 0 , 24146172 , 1.71
0.29 , 0.78 , 0 , 24170680 , 1.97
0.29 , 0.78 , 0 , 24195116 , 1.87
0.29 , 0.79 , 0 , 24219580 , 1.80
0.29 , 0.79 , 0 , 24243912 , 2.19
0.29 , 0.79 , 0 , 24268368 , 1.71
0.29 , 0.80 , 0 , 24292696 , 2.07
0.29 , 0.80 , 0 , 24317180 , 1.93
0.29 , 0.80 , 0 , 24341636 , 1.80
0.29 , 0.81 , 0 , 24366104 , 1.94
0.29 , 0.81 , 0 , 24390588 , 1.95
0.29 , 0.81 , 0 , 24415048 , 1.91
0.29 , 0.82 , 0 , 24439540 , 1.90
0.29 , 0.82 , 0 , 24464012 , 1.90
0.29 , 0.82 , 0 , 24488452 , 1.82
0.29 , 0.83 , 0 , 24512936 , 1.99
0.29 , 0.83 , 0 , 24537392 , 1.90
0.29 , 0.83 , 0 , 24561848 , 1.90
0.29 , 0.84 , 0 , 24586272 , 1.99
0.29 , 0.84 , 0 , 24610672 , 1.92
0.29 , 0.84 , 0 , 24635148 , 1.92
0.29 , 0.85 , 0 , 24659596 , 1.92
0.29 , 0.85 , 0 , 24684040 , 1.93
0.29 , 0.85 , 0 , 24708472 , 1.83
0.29 , 0.86 , 0 , 24732952 , 1.90
0.29 , 0.86 , 0 , 24757376 , 1.99
0.29 , 0.86 , 0 , 24781820 , 1.83
0.29 , 0.87 , 0 , 24806300 , 1.99
0.29 , 0.87 , 0 , 24830752 , 1.86
0.29 , 0.87 , 0 , 24855152 , 1.92
0.29 , 0.88 , 0 , 24879612 , 1.92
0.29 , 0.88 , 0 , 24904060 , 1.87
0.29 , 0.88 , 0 , 24928512 , 1.91
0.29 , 0.89 , 0 , 24952956 , 1.92
0.29 , 0.89 , 0 , 24977356 , 1.92
0.29 , 0.89 , 0 , 25001784 , 2.01
0.29 , 0.90 , 0 , 25026232 , 1.86
0.29 , 0.90 , 0 , 25050672 , 1.92
0.29 , 0.90 , 0 , 25075088 , 1.91
0.29 , 0.91 , 0 , 25099524 , 1.98
0.29 , 0.91 , 0 , 25123992 , 1.97
0.29 , 0.91 , 0 , 25148472 , 1.90
0.29 , 0.92 , 0 , 25172908 , 2.10
0.29 , 0.92 , 0 , 25197324 , 1.91
0.29 , 0.92 , 0 , 25221772 , 2.00
0.29 , 0.93 , 0 , 25246188 , 1.91
0.29 , 0.93 , 0 , 25270668 , 2.00
0.29 , 0.94 , 0 , 25295108 , 1.91
0.29 , 0.94 , 0 , 25319580 , 2.01
0.29 , 0.94 , 0 , 25344028 , 1.91
0.29 , 0.95 , 0 , 25368468 , 1.91
0.29 , 0.95 , 0 , 25392912 , 2.00
0.29 , 0.95 , 0 , 25417360 , 1.81
0.29 , 0.96 , 0 , 25441816 , 2.01
0.29 , 0.96 , 0 , 25466264 , 1.85
0.29 , 0.96 , 0 , 25490700 , 1.98
0.29 , 0.97 , 0 , 25515140 , 1.84
0.29 , 0.97 , 0 , 25539600 , 1.97
0.29 , 0.97 , 0 , 25564056 , 1.92
0.29 , 0.98 , 0 , 25588496 , 1.93
0.29 , 0.98 , 0 , 25612952 , 1.93
0.29 , 0.98 , 0 , 25637336 , 1.82
0.29 , 0.99 , 0 , 25661776 , 1.97
0.29 , 0.99 , 0 , 25686196 , 2.02
0.29 , 0.99 , 0 , 25710576 , 1.84
0.29 , 1.00 , 0 , 25735036 , 2.12
0.29 , 1.00 , 0 , 25759484 , 1.93
0.29 , 1.00 , 0 , 25783892 , 1.92
0.29 , 1.01 , 0 , 25808348 , 2.02
0.29 , 1.01 , 0 , 25832772 , 1.83
0.29 , 1.01 , 0 , 25857196 , 2.00
0.29 , 1.02 , 0 , 25881644 , 2.03
0.29 , 1.02 , 0 , 25906052 , 2.02
0.29 , 1.02 , 0 , 25930504 , 1.92
0.29 , 1.03 , 0 , 25954948 , 1.93
0.29 , 1.03 , 0 , 25979384 , 1.99
0.29 , 1.03 , 0 , 26003768 , 1.93
0.29 , 1.04 , 0 , 26028184 , 2.01
0.29 , 1.04 , 0 , 26052632 , 1.91
0.29 , 1.04 , 0 , 26077060 , 1.84
0.29 , 1.05 , 0 , 26101536 , 2.00
0.29 , 1.05 , 0 , 26125928 , 1.92
0.29 , 1.05 , 0 , 26150284 , 2.08
0.29 , 1.06 , 0 , 26174596 , 2.08
0.29 , 1.06 , 0 , 26198908 , 1.06
0.29 , 1.06 , 0 , 26223272 , 1.63
0.29 , 1.06 , 0 , 26247596 , 2.62
0.29 , 1.07 , 0 , 26271920 , 1.97
0.29 , 1.07 , 0 , 26296260 , 2.21
0.29 , 1.07 , 0 , 26320604 , 2.53
0.29 , 1.08 , 0 , 26344840 , 2.07
0.29 , 1.08 , 0 , 26369128 , 2.18
0.29 , 1.08 , 0 , 26393416 , 2.29
0.28 , 1.09 , 0 , 26417668 , 1.99
0.28 , 1.09 , 0 , 26441980 , 2.08
0.28 , 1.09 , 0 , 26466276 , 2.15
0.28 , 1.09 , 0 , 26490588 , 1.93
0.28 , 1.10 , 0 , 26514908 , 2.18
0.27 , 1.10 , 0 , 26539216 , 1.98
0.27 , 1.10 , 0 , 26563524 , 2.21
0.27 , 1.10 , 0 , 26587824 , 2.05
0.27 , 1.10 , 0 , 26612120 , 1.99
0.26 , 1.11 , 0 , 26636424 , 2.04
0.26 , 1.11 , 0 , 26660740 , 2.21
0.26 , 1.11 , 0 , 26685056 , 2.04
0.25 , 1.11 , 0 , 26709356 , 2.23
0.25 , 1.11 , 0 , 26733636 , 1.96
0.25 , 1.11 , 0 , 26757940 , 2.28
0.24 , 1.12 , 0 , 26782240 , 2.17
0.24 , 1.12 , 0 , 26806544 , 2.17
0.24 , 1.12 , 0 , 26830824 , 2.12
0.24 , 1.12 , 0 , 26855116 , 2.12
0.23 , 1.12 , 0 , 26879424 , 2.32
0.23 , 1.12 , 0 , 26903688 , 2.13
0.23 , 1.12 , 0 , 26927976 , 2.18
0.22 , 1.12 , 0 , 26952280 , 2.12
0.22 , 1.13 , 0 , 26976580 , 2.27
0.22 , 1.13 , 0 , 27000880 , 2.05
0.21 , 1.13 , 0 , 27025188 , 2.23
0.21 , 1.13 , 0 , 27049492 , 2.12
0.21 , 1.13 , 0 , 27073780 , 2.24
0.20 , 1.13 , 0 , 27098052 , 2.04
0.20 , 1.13 , 0 , 27122376 , 2.28
0.20 , 1.13 , 0 , 27146652 , 2.01
0.19 , 1.13 , 0 , 27170952 , 2.22
0.19 , 1.13 , 0 , 27195256 , 2.11
0.19 , 1.13 , 0 , 27219552 , 2.18
0.18 , 1.13 , 0 , 27243860 , 2.12
0.18 , 1.13 , 0 , 27268192 , 2.25
0.18 , 1.13 , 0 , 27292496 , 1.99
0.17 , 1.13 , 0 , 27316836 , 2.19
0.17 , 1.14 , 0 , 27341144 , 2.16
0.17 , 1.14 , 0 , 27365472 , 2.03
0.16 , 1.14 , 0 , 27389784 , 2.26
0.16 , 1.14 , 0 , 27414104 , 2.15
0.16 , 1.14 , 0 , 27438444 , 2.13
0.15 , 1.14 , 0 , 27462624 , 2.32
0.15 , 1.14 , 0 , 27486968 , 2.30
0.14 , 1.14 , 0 , 27511304 , 2.08
0.14 , 1.14 , 0 , 27535636 , 2.01
0.14 , 1.14 , 0 , 27559976 , 2.23
0.13 , 1.14 , 0 , 27584312 , 2.02
0.13 , 1.14 , 0 , 27608656 , 2.17
0.13 , 1.14 , 0 , 27632984 , 2.13
0.12 , 1.14 , 0 , 27657320 , 2.06
0.12 , 1.14 , 0 , 27681644 , 2.11
0.12 , 1.14 , 0 , 27705996 , 2.11
0.11 , 1.14 , 0 , 27730344 , 2.06
0.11 , 1.14 , 0 , 27754660 , 2.17
0.11 , 1.14 , 0 , 27778984 , 1.97
0.10 , 1.14 , 0 , 27803316 , 2.24
0.10 , 1.14 , 0 , 27827640 , 2.13
0.10 , 1.14 , 0 , 27851988 , 1.97
0.09 , 1.14 , 0 , 27876332 , 2.28
0.09 , 1.14 , 0 , 27900640 , 2.15
0.09 , 1.14 , 0 , 27924952 , 2.08
0.08 , 1.14 , 0 , 27949284 , 2.23
0.08 , 1.14 , 0 , 27973596 , 2.08
0.08 , 1.14 , 0 , 27997904 , 2.09
0.07 , 1.14 , 0 , 28022248 , 1.99
0.07 , 1.14 , 0 , 28046596 , 2.14
0.07 , 1.14 , 0 , 28070932 , 1.98
0.06 , 1.14 , 0 , 28095284 , 2.20
0.06 , 1.14 , 0 , 28119592 , 2.15
0.06 , 1.14 , 0 , 28143940 , 1.99
0.05 , 1.14 , 0 , 28168296 , 2.31
0.05 , 1.14 , 0 , 28192548 , 1.97
0.05 , 1.14 , 0 , 28216884 , 2.17
0.04 , 1.14 , 0 , 28241228 , 2.11
0.04 , 1.14 , 0 , 28265496 , 2.06
0.04 , 1.14 , 0 , 28289836 , 2.23
0.03 , 1.14 , 0 , 28314124 , 2.17
0.03 , 1.14 , 0 , 28338408 , 2.06
0.03 , 1.14 , 0 , 28362736 , 2.13
0.02 , 1.14 , 0 , 28387016 , 2.09
0.02 , 1.14 , 0 , 28411296 , 2.29
0.02 , 1.14 , 0 , 28435620 , 2.02
0.01 , 1.14 , 0 , 28459936 , 2.18
0.01 , 1.14 , 0 , 28484276 , 2.07
0.00 , 1.14 , 0 , 28508588 , 2.13
0.00 , 1.14 , 0 , 28532904 , 2.19
-0.00 , 1.14 , 0 , 28557184 , 2.05
-0.01 , 1.14 , 0 , 28581520 , 2.19
-0.01 , 1.14 , 0 , 28605836 , 2.08
-0.01 , 1.14 , 0 , 28630152 , 2.15
-0.02 , 1.14 , 0 , 28654504 , 2.19
-0.02 , 1.14 , 0 , 28678844 , 2.07
-0.02 , 1.14 , 0 , 28703176 , 2.18
-0.03 , 1.14 , 0 , 28727504 , 2.07
-0.03 , 1.14 , 0 , 28751820 , 2.08
-0.03 , 1.14 , 0 , 28776112 , 2.20
-0.04 , 1.14 , 0 , 28800452 , 2.06
-0.04 , 1.14 , 0 , 28824780 , 2.13
-0.04 , 1.14 , 0 , 28849124 , 2.08
-0.05 , 1.14 , 0 , 28873476 , 2.18
-0.05 , 1.14 , 0 , 28897792 , 2.08
-0.05 , 1.14 , 0 , 28922108 , 2.09
-0.06 , 1.14 , 0 , 28946452 , 2.07
-0.06 , 1.14 , 0 , 28970756 , 2.03
-0.06 , 1.14 , 0 , 28995064 , 2.17
-0.07 , 1.14 , 0 , 29019348 , 2.08
-0.07 , 1.14 , 0 , 29043680 , 2.13
-0.07 , 1.14 , 0 , 29067980 , 2.08
-0.08 , 1.14 , 0 , 29092272 , 2.07
-0.08 , 1.14 , 0 , 29116628 , 2.05
-0.08 , 1.14 , 0 , 29140952 , 2.06
-0.09 , 1.14 , 0 , 29165292 , 1.97
-0.09 , 1.14 , 0 , 29189640 , 1.97
-0.09 , 1.14 , 0 , 29213968 , 1.96
-0.10 , 1.14 , 0 , 29238304 , 2.06
-0.10 , 1.14 , 0 , 29262608 , 2.05
-0.10 , 1.14 , 0 , 29286956 , 1.94
-0.11 , 1.14 , 0 , 29311308 , 2.05
-0.11 , 1.14 , 0 , 29335636 , 1.96
-0.11 , 1.14 , 0 , 29359936 , 1.95
-0.12 , 1.14 , 0 , 29384256 , 2.06
-0.12 , 1.14 , 0 , 29408588 , 1.97
-0.12 , 1.14 , 0 , 29432928 , 1.96
-0.13 , 1.14 , 0 , 29457236 , 2.08
-0.13 , 1.14 , 0 , 29481564 , 1.87
-0.13 , 1.14 , 0 , 29505924 , 1.94
-0.13 , 1.14 , 0 , 29530208 , 2.07
-0.14 , 1.14 , 0 , 29554544 , 1.80
-0.14 , 1.14 , 0 , 29578852 , 2.05
-0.14 , 1.14 , 0 , 29603184 , 1.86
-0.15 , 1.14 , 0 , 29627524 , 1.84
-0.15 , 1.14 , 0 , 29651884 , 2.04
-0.15 , 1.14 , 0 , 29676232 , 1.76
-0.16 , 1.14 , 0 , 29700552 , 2.04
-0.16 , 1.14 , 0 , 29724924 , 1.75
-0.16 , 1.14 , 0 , 29749240 , 1.88
-0.17 , 1.14 , 0 , 29773580 , 1.95
-0.17 , 1.14 , 0 , 29797908 , 1.65
-0.17 , 1.14 , 0 , 29822208 , 2.06
-0.17 , 1.14 , 0 , 29846520 , 1.87
-0.18 , 1.14 , 0 , 29870828 , 1.78
-0.18 , 1.14 , 0 , 29895172 , 1.97
-0.18 , 1.14 , 0 , 29919472 , 1.83
-0.19 , 1.14 , 0 , 29943756 , 1.78
