X , Y , error , micros , speed
0.04 , 0.04 , 0 , 34203592 , 0.05
0.04 , 0.04 , 0 , 34228972 , 0.00
0.04 , 0.04 , 0 , 34254264 , 0.00
0.04 , 0.04 , 0 , 34279548 , 0.00
0.04 , 0.04 , 0 , 34304840 , 0.00
0.04 , 0.04 , 0 , 34330116 , 0.00
0.04 , 0.04 , 0 , 34355408 , 0.00
0.00 , 0.00 , 0 , 35377848 , 0.06
0.00 , 0.00 , 0 , 35401884 , 0.00
0.00 , 0.00 , 0 , 35426372 , 1.33
0.00 , 0.00 , 0 , 35450900 , 0.09
0.00 , 0.00 , 0 , 35475308 , 0.13
0.00 , 0.00 , 0 , 35499828 , 0.53
0.00 , 0.00 , 0 , 35524244 , 0.40
0.00 , 0.00 , 0 , 35548668 , 0.57
0.00 , 0.00 , 0 , 35573060 , 0.09
0.00 , 0.00 , 0 , 35597432 , 0.18
0.00 , 0.00 , 0 , 35621792 , 0.09
0.00 , 0.00 , 0 , 35646156 , 0.26
0.00 , 0.00 , 0 , 35670504 , 0.18
0.00 , 0.00 , 0 , 35694828 , 0.27
0.01 , 0.00 , 0 , 35719128 , 0.27
0.01 , 0.00 , 0 , 35743464 , 0.31
0.01 , 0.00 , 0 , 35767820 , 0.36
0.01 , 0.00 , 0 , 35792152 , 0.36
0.01 , 0.00 , 0 , 35816488 , 0.40
0.01 , 0.00 , 0 , 35840812 , 0.41
0.01 , 0.00 , 0 , 35865140 , 0.41
0.01 , 0.00 , 0 , 35889460 , 0.36
0.01 , 0.00 , 0 , 35913792 , 0.41
0.01 , 0.00 , 0 , 35938136 , 0.41
0.01 , 0.00 , 0 , 35962456 , 0.36
0.01 , 0.00 , 0 , 35986776 , 0.36
0.01 , 0.00 , 0 , 36011136 , 0.36
0.01 , 0.00 , 0 , 36035480 , 0.40
0.01 , 0.01 , 0 , 36059820 , 0.40
0.01 , 0.01 , 0 , 36084180 , 0.36
0.02 , 0.01 , 0 , 36108580 , 0.48
0.02 , 0.01 , 0 , 36132932 , 0.36
0.02 , 0.01 , 0 , 36157264 , 0.36
0.02 , 0.01 , 0 , 36181680 , 0.48
0.02 , 0.01 , 0 , 36206044 , 0.45
0.02 , 0.01 , 0 , 36230388 , 0.36
0.02 , 0.01 , 0 , 36254736 , 0.50
0.02 , 0.01 , 0 , 36279120 , 0.49
0.02 , 0.01 , 0 , 36303520 , 0.57
0.02 , 0.01 , 0 , 36327948 , 0.66
0.02 , 0.01 , 0 , 36352356 , 0.66
0.02 , 0.01 , 0 , 36376776 , 0.61
0.02 , 0.01 , 0 , 36401204 , 0.70
0.03 , 0.01 , 0 , 36425620 , 0.75
0.03 , 0.01 , 0 , 36450064 , 0.70
0.03 , 0.02 , 0 , 36474472 , 0.83
0.03 , 0.02 , 0 , 36498912 , 0.79
0.03 , 0.02 , 0 , 36523356 , 0.74
0.03 , 0.02 , 0 , 36547816 , 0.83
0.03 , 0.02 , 0 , 36572272 , 0.88
0.03 , 0.02 , 0 , 36596692 , 0.88
0.03 , 0.02 , 0 , 36621132 , 0.92
0.04 , 0.02 , 0 , 36645556 , 0.88
0.04 , 0.02 , 0 , 36670040 , 1.00
0.04 , 0.03 , 0 , 36694524 , 0.96
0.04 , 0.03 , 0 , 36718948 , 1.06
0.04 , 0.03 , 0 , 36743404 , 1.00
0.04 , 0.03 , 0 , 36767852 , 1.05
0.04 , 0.03 , 0 , 36792312 , 1.09
0.05 , 0.03 , 0 , 36816776 , 1.14
0.05 , 0.03 , 0 , 36841268 , 1.13
0.05 , 0.04 , 0 , 36865744 , 1.13
0.05 , 0.04 , 0 , 36890228 , 1.22
0.05 , 0.04 , 0 , 36914716 , 1.17
0.05 , 0.04 , 0 , 36939040 , 1.39
0.06 , 0.04 , 0 , 36963336 , 1.30
0.06 , 0.04 , 0 , 36987656 , 1.44
0.06 , 0.05 , 0 , 37011988 , 1.48
0.06 , 0.05 , 0 , 37036484 , 1.22
0.06 , 0.05 , 0 , 37061020 , 1.39
0.06 , 0.05 , 0 , 37085524 , 1.43
0.07 , 0.05 , 0 , 37110012 , 1.22
0.07 , 0.05 , 0 , 37134528 , 1.43
0.07 , 0.06 , 0 , 37159012 , 1.32
0.07 , 0.06 , 0 , 37183576 , 1.38
0.07 , 0.06 , 0 , 37208000 , 1.46
0.07 , 0.06 , 0 , 37232444 , 1.40
0.08 , 0.06 , 0 , 37256936 , 1.34
0.08 , 0.07 , 0 , 37281392 , 1.49
0.08 , 0.07 , 0 , 37305828 , 1.35
0.08 , 0.07 , 0 , 37330256 , 1.44
0.08 , 0.07 , 0 , 37354696 , 1.36
0.09 , 0.07 , 0 , 37379108 , 1.51
0.09 , 0.07 , 0 , 37403520 , 1.32
0.09 , 0.07 , 0 , 37427960 , 1.50
0.09 , 0.08 , 0 , 37452376 , 1.46
0.10 , 0.08 , 0 , 37476816 , 1.40
0.10 , 0.08 , 0 , 37501280 , 1.58
0.10 , 0.08 , 0 , 37525724 , 1.46
0.10 , 0.08 , 0 , 37550196 , 1.59
0.10 , 0.08 , 0 , 37574644 , 1.41
0.11 , 0.08 , 0 , 37599084 , 1.65
0.11 , 0.08 , 0 , 37623508 , 1.47
0.11 , 0.09 , 0 , 37647964 , 1.51
0.11 , 0.09 , 0 , 37672404 , 1.61
0.12 , 0.09 , 0 , 37696844 , 1.41
0.12 , 0.09 , 0 , 37721304 , 1.59
0.12 , 0.09 , 0 , 37745736 , 1.36
0.12 , 0.09 , 0 , 37770196 , 1.69
0.13 , 0.09 , 0 , 37794612 , 1.42
0.13 , 0.09 , 0 , 37819068 , 1.55
0.13 , 0.09 , 0 , 37843500 , 1.46
0.13 , 0.09 , 0 , 37867940 , 1.56
0.14 , 0.10 , 0 , 37892368 , 1.41
0.14 , 0.10 , 0 , 37916820 , 1.45
0.14 , 0.10 , 0 , 37941268 , 1.60
0.14 , 0.10 , 0 , 37965680 , 1.37
0.15 , 0.10 , 0 , 37990160 , 1.58
0.15 , 0.10 , 0 , 38014596 , 1.46
0.15 , 0.10 , 0 , 38039084 , 1.36
0.16 , 0.10 , 0 , 38063540 , 1.59
0.16 , 0.10 , 0 , 38087984 , 1.51
0.16 , 0.10 , 0 , 38112416 , 1.37
0.16 , 0.10 , 0 , 38136884 , 1.63
0.17 , 0.10 , 0 , 38161344 , 1.59
0.17 , 0.10 , 0 , 38185772 , 1.42
0.17 , 0.10 , 0 , 38210244 , 1.58
0.17 , 0.10 , 0 , 38234716 , 1.67
0.18 , 0.11 , 0 , 38259172 , 1.51
0.18 , 0.11 , 0 , 38283648 , 1.59
0.18 , 0.11 , 0 , 38308120 , 1.65
0.19 , 0.11 , 0 , 38332572 , 1.51
0.19 , 0.11 , 0 , 38357040 , 1.60
0.19 , 0.11 , 0 , 38381500 , 1.69
0.19 , 0.11 , 0 , 38405960 , 1.45
0.20 , 0.11 , 0 , 38430448 , 1.62
0.20 , 0.11 , 0 , 38454924 , 1.63
0.20 , 0.11 , 0 , 38479396 , 1.49
0.20 , 0.11 , 0 , 38503880 , 1.58
0.21 , 0.11 , 0 , 38528372 , 1.66
0.21 , 0.11 , 0 , 38552832 , 1.54
0.21 , 0.11 , 0 , 38577316 , 1.58
0.22 , 0.11 , 0 , 38601796 , 1.62
0.22 , 0.11 , 0 , 38626272 , 1.53
0.22 , 0.11 , 0 , 38650748 , 1.63
0.22 , 0.11 , 0 , 38675228 , 1.50
0.23 , 0.11 , 0 , 38699716 , 1.62
0.23 , 0.11 , 0 , 38724208 , 1.62
0.23 , 0.11 , 0 , 38748700 , 1.57
0.24 , 0.11 , 0 , 38773188 , 1.67
0.24 , 0.11 , 0 , 38797660 , 1.63
0.24 , 0.11 , 0 , 38822116 , 1.55
0.25 , 0.11 , 0 , 38846592 , 1.58
0.25 , 0.11 , 0 , 38871076 , 1.53
0.25 , 0.11 , 0 , 38895560 , 1.67
0.25 , 0.11 , 0 , 38919988 , 1.79
0.26 , 0.11 , 0 , 38944392 , 1.60
0.26 , 0.12 , 0 , 38968876 , 1.13
0.26 , 0.12 , 0 , 38993360 , 1.71
0.26 , 0.12 , 0 , 39017828 , 1.80
0.27 , 0.12 , 0 , 39042272 , 1.99
0.27 , 0.12 , 0 , 39066712 , 2.27
0.27 , 0.12 , 0 , 39091100 , 1.68
0.28 , 0.12 , 0 , 39115560 , 1.99
0.28 , 0.12 , 0 , 39139952 , 1.93
0.28 , 0.12 , 0 , 39164372 , 1.79
0.28 , 0.13 , 0 , 39188748 , 1.88
0.29 , 0.13 , 0 , 39213132 , 1.73
0.29 , 0.13 , 0 , 39237540 , 1.64
0.29 , 0.13 , 0 , 39261952 , 1.75
0.29 , 0.14 , 0 , 39286380 , 1.75
0.30 , 0.14 , 0 , 39310772 , 1.61
0.30 , 0.14 , 0 , 39335188 , 1.71
0.30 , 0.14 , 0 , 39359592 , 1.80
0.30 , 0.15 , 0 , 39384004 , 1.79
0.30 , 0.15 , 0 , 39408412 , 1.75
0.30 , 0.15 , 0 , 39432816 , 1.75
0.30 , 0.15 , 0 , 39457208 , 1.81
0.31 , 0.16 , 0 , 39481628 , 1.75
0.31 , 0.16 , 0 , 39506028 , 1.70
0.31 , 0.16 , 0 , 39530452 , 2.00
0.31 , 0.16 , 0 , 39554848 , 1.71
0.31 , 0.17 , 0 , 39579272 , 1.86
0.31 , 0.17 , 0 , 39603676 , 1.70
0.31 , 0.17 , 0 , 39628088 , 1.95
0.31 , 0.18 , 0 , 39652468 , 1.66
0.31 , 0.18 , 0 , 39676884 , 1.90
0.32 , 0.18 , 0 , 39701268 , 1.72
0.32 , 0.19 , 0 , 39725716 , 1.88
0.32 , 0.19 , 0 , 39750108 , 1.76
0.32 , 0.19 , 0 , 39774512 , 1.81
0.32 , 0.19 , 0 , 39798908 , 1.81
0.32 , 0.20 , 0 , 39823304 , 1.81
0.32 , 0.20 , 0 , 39847680 , 1.68
0.32 , 0.20 , 0 , 39872080 , 1.81
0.32 , 0.21 , 0 , 39896492 , 1.74
0.32 , 0.21 , 0 , 39920920 , 1.83
0.32 , 0.21 , 0 , 39945328 , 1.80
0.32 , 0.22 , 0 , 39969732 , 1.81
0.32 , 0.22 , 0 , 39994148 , 1.80
0.32 , 0.22 , 0 , 40018560 , 1.69
0.32 , 0.22 , 0 , 40042976 , 1.94
0.32 , 0.23 , 0 , 40067400 , 1.75
0.32 , 0.23 , 0 , 40091816 , 1.83
0.32 , 0.23 , 0 , 40116240 , 1.84
0.32 , 0.24 , 0 , 40140664 , 1.73
0.32 , 0.24 , 0 , 40165104 , 1.82
0.32 , 0.24 , 0 , 40189524 , 1.83
0.32 , 0.25 , 0 , 40213940 , 1.84
0.32 , 0.25 , 0 , 40238372 , 1.79
0.32 , 0.25 , 0 , 40262796 , 1.84
0.32 , 0.26 , 0 , 40287228 , 1.84
0.32 , 0.26 , 0 , 40311648 , 1.78
0.32 , 0.26 , 0 , 40336088 , 1.88
0.32 , 0.27 , 0 , 40360516 , 1.73
0.32 , 0.27 , 0 , 40384828 , 1.92
0.32 , 0.27 , 0 , 40409316 , 1.88
0.32 , 0.28 , 0 , 40433768 , 1.81
0.32 , 0.28 , 0 , 40458220 , 1.82
0.32 , 0.28 , 0 , 40482688 , 1.81
0.32 , 0.28 , 0 , 40507100 , 1.80
0.32 , 0.29 , 0 , 40531544 , 1.91
0.32 , 0.29 , 0 , 40555980 , 1.72
0.32 , 0.29 , 0 , 40580408 , 1.77
0.32 , 0.30 , 0 , 40604880 , 1.90
0.32 , 0.30 , 0 , 40629320 , 1.87
0.32 , 0.30 , 0 , 40653752 , 1.77
0.32 , 0.31 , 0 , 40678176 , 1.89
0.32 , 0.31 , 0 , 40702668 , 1.89
0.32 , 0.31 , 0 , 40727096 , 1.73
0.32 , 0.32 , 0 , 40751548 , 1.82
0.32 , 0.32 , 0 , 40776020 , 1.80
0.32 , 0.32 , 0 , 40800452 , 1.87
0.32 , 0.33 , 0 , 40824920 , 1.80
0.32 , 0.33 , 0 , 40849360 , 1.82
0.32 , 0.33 , 0 , 40873824 , 1.81
0.32 , 0.34 , 0 , 40898296 , 1.85
0.32 , 0.34 , 0 , 40922736 , 1.81
0.32 , 0.34 , 0 , 40947164 , 1.89
0.32 , 0.35 , 0 , 40971620 , 1.76
0.32 , 0.35 , 0 , 40996012 , 1.91
0.32 , 0.35 , 0 , 41020444 , 1.88
0.32 , 0.36 , 0 , 41044900 , 1.82
0.32 , 0.36 , 0 , 41069356 , 1.82
0.32 , 0.36 , 0 , 41093820 , 1.80
0.32 , 0.37 , 0 , 41118220 , 1.90
0.32 , 0.37 , 0 , 41142668 , 1.86
0.32 , 0.37 , 0 , 41167080 , 1.90
0.32 , 0.37 , 0 , 41191532 , 1.81
0.32 , 0.38 , 0 , 41215988 , 1.81
0.32 , 0.38 , 0 , 41240436 , 2.02
0.32 , 0.38 , 0 , 41264892 , 1.72
0.32 , 0.39 , 0 , 41289328 , 1.99
0.32 , 0.39 , 0 , 41313776 , 1.81
0.32 , 0.39 , 0 , 41338248 , 1.90
0.32 , 0.40 , 0 , 41362664 , 1.90
0.32 , 0.40 , 0 , 41387068 , 1.90
0.31 , 0.40 , 0 , 41411500 , 1.88
0.31 , 0.41 , 0 , 41435912 , 1.91
0.31 , 0.41 , 0 , 41460320 , 1.80
0.31 , 0.41 , 0 , 41484768 , 1.91
0.31 , 0.42 , 0 , 41509216 , 1.82
0.31 , 0.42 , 0 , 41533640 , 1.91
0.31 , 0.42 , 0 , 41558088 , 1.96
0.31 , 0.43 , 0 , 41582504 , 1.75
0.31 , 0.43 , 0 , 41606908 , 1.92
0.31 , 0.43 , 0 , 41631360 , 1.88
0.31 , 0.44 , 0 , 41655748 , 1.82
0.31 , 0.44 , 0 , 41680164 , 1.90
0.31 , 0.44 , 0 , 41704604 , 1.93
0.31 , 0.45 , 0 , 41729020 , 1.73
0.31 , 0.45 , 0 , 41753428 , 2.02
0.31 , 0.45 , 0 , 41777868 , 1.82
0.31 , 0.46 , 0 , 41802300 , 1.83
0.31 , 0.46 , 0 , 41826748 , 1.93
0.31 , 0.46 , 0 , 41851144 , 1.82
0.31 , 0.47 , 0 , 41875576 , 1.83
0.31 , 0.47 , 0 , 41900008 , 1.94
0.31 , 0.47 , 0 , 41924448 , 1.83
0.31 , 0.47 , 0 , 41948856 , 1.82
0.31 , 0.48 , 0 , 41973276 , 2.00
0.31 , 0.48 , 0 , 41997732 , 1.91
0.31 , 0.48 , 0 , 42022112 , 1.92
0.31 , 0.49 , 0 , 42046520 , 1.92
0.31 , 0.49 , 0 , 42070916 , 1.82
0.31 , 0.49 , 0 , 42095320 , 2.02
0.30 , 0.50 , 0 , 42119728 , 1.81
0.30 , 0.50 , 0 , 42144124 , 2.01
0.30 , 0.50 , 0 , 42168504 , 1.93
0.30 , 0.51 , 0 , 42192920 , 1.83
0.30 , 0.51 , 0 , 42217344 , 1.93
0.30 , 0.51 , 0 , 42241776 , 1.73
0.30 , 0.52 , 0 , 42266232 , 1.90
0.30 , 0.52 , 0 , 42290660 , 1.93
0.30 , 0.52 , 0 , 42315088 , 1.83
0.30 , 0.53 , 0 , 42339508 , 2.02
0.30 , 0.53 , 0 , 42363936 , 1.83
0.30 , 0.53 , 0 , 42388372 , 1.82
0.30 , 0.54 , 0 , 42412816 , 1.93
0.30 , 0.54 , 0 , 42437260 , 1.71
0.30 , 0.54 , 0 , 42461684 , 2.00
0.30 , 0.55 , 0 , 42486108 , 1.82
0.30 , 0.55 , 0 , 42510564 , 1.91
0.30 , 0.55 , 0 , 42535008 , 1.87
0.30 , 0.56 , 0 , 42559456 , 1.87
0.30 , 0.56 , 0 , 42583920 , 1.91
0.30 , 0.56 , 0 , 42608364 , 1.78
0.30 , 0.57 , 0 , 42632764 , 2.02
0.30 , 0.57 , 0 , 42657204 , 1.77
0.30 , 0.57 , 0 , 42681664 , 2.00
0.30 , 0.58 , 0 , 42706100 , 1.87
0.30 , 0.58 , 0 , 42730540 , 1.91
0.30 , 0.58 , 0 , 42754988 , 2.02
0.30 , 0.59 , 0 , 42779416 , 1.73
0.30 , 0.59 , 0 , 42803876 , 2.01
0.30 , 0.59 , 0 , 42828328 , 1.81
0.30 , 0.60 , 0 , 42852776 , 2.01
0.30 , 0.60 , 0 , 42877224 , 1.81
0.30 , 0.60 , 0 , 42901664 , 1.91
0.29 , 0.61 , 0 , 42926108 , 1.86
0.29 , 0.61 , 0 , 42950560 , 1.91
0.29 , 0.61 , 0 , 42974980 , 1.90
0.29 , 0.62 , 0 , 42999416 , 1.86
0.29 , 0.62 , 0 , 43023884 , 1.90
0.29 , 0.62 , 0 , 43048320 , 1.81
0.29 , 0.63 , 0 , 43072764 , 1.81
0.29 , 0.63 , 0 , 43097188 , 2.00
0.29 , 0.63 , 0 , 43121620 , 1.77
0.29 , 0.64 , 0 , 43146068 , 1.92
0.29 , 0.64 , 0 , 43170544 , 1.95
0.29 , 0.64 , 0 , 43194972 , 1.91
0.29 , 0.65 , 0 , 43219416 , 1.92
0.29 , 0.65 , 0 , 43243864 , 1.83
0.29 , 0.65 , 0 , 43268320 , 1.82
0.29 , 0.65 , 0 , 43292792 , 1.90
0.29 , 0.66 , 0 , 43317240 , 1.81
0.29 , 0.66 , 0 , 43341704 , 1.92
0.29 , 0.66 , 0 , 43366140 , 1.90
0.29 , 0.67 , 0 , 43390584 , 1.80
0.29 , 0.67 , 0 , 43415044 , 2.10
0.29 , 0.67 , 0 , 43439496 , 1.82
0.29 , 0.68 , 0 , 43463964 , 1.86
0.29 , 0.68 , 0 , 43488376 , 2.01
0.29 , 0.68 , 0 , 43512820 , 1.83
0.29 , 0.69 , 0 , 43537276 , 1.92
0.29 , 0.69 , 0 , 43561720 , 1.98
0.29 , 0.69 , 0 , 43586188 , 1.82
0.29 , 0.70 , 0 , 43610648 , 1.85
0.29 , 0.70 , 0 , 43635052 , 2.11
0.29 , 0.70 , 0 , 43659504 , 1.81
0.29 , 0.71 , 0 , 43683960 , 1.91
0.29 , 0.71 , 0 , 43708400 , 1.87
0.29 , 0.71 , 0 , 43732792 , 1.93
0.29 , 0.72 , 0 , 43757252 , 1.86
0.29 , 0.72 , 0 , 43781708 , 1.90
0.29 , 0.72 , 0 , 43806112 , 2.02
0.29 , 0.73 , 0 , 43830548 , 1.77
0.29 , 0.73 , 0 , 43855012 , 2.00
0.29 , 0.73 , 0 , 43879400 , 1.82
0.29 , 0.74 , 0 , 43903864 , 2.01
0.29 , 0.74 , 0 , 43928316 , 1.78
0.29 , 0.74 , 0 , 43952784 , 1.91
0.29 , 0.75 , 0 , 43977248 , 1.90
0.29 , 0.75 , 0 , 44001652 , 1.91
0.29 , 0.75 , 0 , 44026084 , 2.00
0.29 , 0.76 , 0 , 44050524 , 1.77
0.29 , 0.76 , 0 , 44075004 , 2.00
0.29 , 0.76 , 0 , 44099456 , 1.81
0.29 , 0.77 , 0 , 44123924 , 1.91
0.29 , 0.77 , 0 , 44148404 , 1.89
0.29 , 0.77 , 0 , 44172832 , 1.89
0.29 , 0.78 , 0 , 44197312 , 1.98
0.29 , 0.78 , 0 , 44221764 , 1.80
0.29 , 0.78 , 0 , 44246228 , 1.95
0.29 , 0.79 , 0 , 44270688 , 1.89
0.29 , 0.79 , 0 , 44295124 , 1.99
0.29 , 0.79 , 0 , 44319560 , 1.89
0.29 , 0.80 , 0 , 44344056 , 1.83
0.29 , 0.80 , 0 , 44368512 , 1.96
0.29 , 0.80 , 0 , 44392928 , 1.89
0.29 , 0.81 , 0 , 44417372 , 1.97
0.29 , 0.81 , 0 , 44441840 , 1.84
0.29 , 0.81 , 0 , 44466296 , 1.88
0.29 , 0.82 , 0 , 44490776 , 1.93
0.29 , 0.82 , 0 , 44515224 , 1.81
0.29 , 0.82 , 0 , 44539716 , 1.89
0.29 , 0.83 , 0 , 44564196 , 2.00
0.29 , 0.83 , 0 , 44588588 , 1.81
0.29 , 0.83 , 0 , 44613052 , 1.91
0.29 , 0.84 , 0 , 44637500 , 1.92
0.29 , 0.84 , 0 , 44661916 , 1.81
0.29 , 0.84 , 0 , 44686368 , 1.91
0.29 , 0.85 , 0 , 44710816 , 1.92
0.29 , 0.85 , 0 , 44735240 , 1.91
0.29 , 0.85 , 0 , 44759704 , 1.95
0.29 , 0.86 , 0 , 44784136 , 1.82
0.29 , 0.86 , 0 , 44808580 , 1.87
0.29 , 0.86 , 0 , 44832988 , 2.02
0.29 , 0.87 , 0 , 44857444 , 1.86
0.29 , 0.87 , 0 , 44881896 , 1.92
0.29 , 0.87 , 0 , 44906336 , 1.94
0.29 , 0.88 , 0 , 44930808 , 1.86
0.29 , 0.88 , 0 , 44955252 , 2.02
0.29 , 0.88 , 0 , 44979688 , 1.93
0.29 , 0.89 , 0 , 45004148 , 1.86
0.29 , 0.89 , 0 , 45028628 , 2.00
0.29 , 0.89 , 0 , 45053080 , 2.01
0.29 , 0.90 , 0 , 45077512 , 1.84
0.29 , 0.90 , 0 , 45101928 , 2.02
0.29 , 0.90 , 0 , 45126380 , 1.82
0.29 , 0.91 , 0 , 45150788 , 2.00
0.29 , 0.91 , 0 , 45175204 , 2.01
0.29 , 0.91 , 0 , 45199660 , 1.91
0.29 , 0.92 , 0 , 45224128 , 1.91
0.29 , 0.92 , 0 , 45248572 , 1.91
0.29 , 0.92 , 0 , 45273020 , 1.82
0.29 , 0.93 , 0 , 45297484 , 2.02
0.29 , 0.93 , 0 , 45321912 , 1.84
0.29 , 0.93 , 0 , 45346356 , 2.00
0.29 , 0.94 , 0 , 45370740 , 1.92
0.29 , 0.94 , 0 , 45395188 , 1.92
0.29 , 0.94 , 0 , 45419648 , 2.03
0.29 , 0.95 , 0 , 45444024 , 1.84
0.29 , 0.95 , 0 , 45468460 , 2.01
0.29 , 0.95 , 0 , 45492888 , 1.93
0.29 , 0.96 , 0 , 45517320 , 1.84
0.29 , 0.96 , 0 , 45541768 , 2.02
0.29 , 0.96 , 0 , 45566192 , 1.85
0.29 , 0.97 , 0 , 45590656 , 1.90
0.29 , 0.97 , 0 , 45615100 , 2.02
0.29 , 0.97 , 0 , 45639528 , 1.84
0.29 , 0.98 , 0 , 45664000 , 2.06
0.29 , 0.98 , 0 , 45688440 , 1.93
0.29 , 0.98 , 0 , 45712904 , 1.91
0.29 , 0.99 , 0 , 45737356 , 2.01
0.29 , 0.99 , 0 , 45761744 , 1.92
0.29 , 1.00 , 0 , 45786208 , 2.01
0.29 , 1.00 , 0 , 45810684 , 1.83
0.29 , 1.00 , 0 , 45835128 , 2.03
0.29 , 1.01 , 0 , 45859556 , 2.01
0.29 , 1.01 , 0 , 45883968 , 1.81
0.29 , 1.01 , 0 , 45908384 , 2.11
0.29 , 1.02 , 0 , 45932832 , 1.92
0.29 , 1.02 , 0 , 45957232 , 1.83
0.29 , 1.02 , 0 , 45981712 , 2.00
0.29 , 1.03 , 0 , 46006128 , 1.99
0.29 , 1.03 , 0 , 46030528 , 1.83
0.29 , 1.03 , 0 , 46054972 , 2.02
0.29 , 1.04 , 0 , 46079432 , 1.92
0.29 , 1.04 , 0 , 46103872 , 1.82
0.29 , 1.04 , 0 , 46128324 , 1.92
0.29 , 1.05 , 0 , 46152764 , 2.02
0.29 , 1.05 , 0 , 46177148 , 1.94
0.29 , 1.05 , 0 , 46201524 , 2.01
0.29 , 1.06 , 0 , 46225800 , 2.20
0.29 , 1.06 , 0 , 46250136 , 1.11
0.29 , 1.06 , 0 , 46274484 , 2.03
0.29 , 1.06 , 0 , 46298852 , 2.25
0.29 , 1.07 , 0 , 46323208 , 2.37
0.29 , 1.07 , 0 , 46347472 , 2.22
0.29 , 1.07 , 0 , 46371728 , 2.22
0.29 , 1.08 , 0 , 46396004 , 2.33
0.29 , 1.08 , 0 , 46420304 , 2.05
0.29 , 1.08 , 0 , 46444556 , 2.09
0.28 , 1.09 , 0 , 46468860 , 2.03
0.28 , 1.09 , 0 , 46493088 , 2.00
0.28 , 1.09 , 0 , 46517360 , 2.00
0.28 , 1.09 , 0 , 46541656 , 2.03
0.28 , 1.10 , 0 , 46565956 , 2.14
0.27 , 1.10 , 0 , 46590292 , 1.83
0.27 , 1.10 , 0 , 46614612 , 2.24
0.27 , 1.10 , 0 , 46638920 , 2.08
0.27 , 1.10 , 0 , 46663208 , 2.05
0.26 , 1.11 , 0 , 46687544 , 2.19
0.26 , 1.11 , 0 , 46711832 , 2.04
0.26 , 1.11 , 0 , 46736140 , 2.10
0.25 , 1.11 , 0 , 46760456 , 2.15
0.25 , 1.11 , 0 , 46784764 , 2.05
0.25 , 1.12 , 0 , 46809076 , 2.32
0.24 , 1.12 , 0 , 46833364 , 2.07
0.24 , 1.12 , 0 , 46857636 , 2.06
0.24 , 1.12 , 0 , 46881916 , 2.11
0.24 , 1.12 , 0 , 46906208 , 2.13
0.23 , 1.12 , 0 , 46930528 , 2.27
0.23 , 1.12 , 0 , 46954792 , 1.97
0.23 , 1.12 , 0 , 46979108 , 2.28
0.22 , 1.13 , 0 , 47003408 , 2.28
0.22 , 1.13 , 0 , 47027712 , 2.06
0.22 , 1.13 , 0 , 47052024 , 2.32
0.21 , 1.13 , 0 , 47076332 , 2.12
0.21 , 1.13 , 0 , 47100660 , 2.27
0.21 , 1.13 , 0 , 47124964 , 2.22
0.20 , 1.13 , 0 , 47149264 , 2.13
0.20 , 1.13 , 0 , 47173560 , 2.27
0.20 , 1.13 , 0 , 47197844 , 2.18
0.19 , 1.13 , 0 , 47222144 , 2.18
0.19 , 1.13 , 0 , 47246448 , 2.05
0.19 , 1.13 , 0 , 47270768 , 2.37
0.18 , 1.14 , 0 , 47295064 , 2.01
0.18 , 1.14 , 0 , 47319372 , 2.33
0.18 , 1.14 , 0 , 47343668 , 2.06
0.17 , 1.14 , 0 , 47367984 , 2.20
0.17 , 1.14 , 0 , 47392284 , 2.10
0.17 , 1.14 , 0 , 47416592 , 2.04
0.16 , 1.14 , 0 , 47440904 , 2.21
0.16 , 1.14 , 0 , 47465208 , 2.05
0.15 , 1.14 , 0 , 47489544 , 2.19
0.15 , 1.14 , 0 , 47513860 , 2.14
0.15 , 1.14 , 0 , 47538192 , 2.18
0.14 , 1.14 , 0 , 47562332 , 2.35
0.14 , 1.14 , 0 , 47586668 , 2.06
0.14 , 1.14 , 0 , 47611012 , 2.10
0.13 , 1.14 , 0 , 47635336 , 2.11
0.13 , 1.14 , 0 , 47659696 , 2.21
0.13 , 1.14 , 0 , 47684008 , 2.02
0.12 , 1.14 , 0 , 47708344 , 2.28
0.12 , 1.14 , 0 , 47732628 , 2.07
0.12 , 1.14 , 0 , 47756952 , 2.18
0.11 , 1.14 , 0 , 47781276 , 2.19
0.11 , 1.14 , 0 , 47805636 , 2.05
0.11 , 1.14 , 0 , 47829964 , 2.23
0.10 , 1.14 , 0 , 47854272 , 2.11
0.10 , 1.14 , 0 , 47878620 , 2.12
0.10 , 1.14 , 0 , 47902932 , 2.13
0.09 , 1.14 , 0 , 47927236 , 2.17
0.09 , 1.14 , 0 , 47951560 , 2.14
0.09 , 1.14 , 0 , 47975876 , 2.13
0.08 , 1.14 , 0 , 48000220 , 2.05
0.08 , 1.14 , 0 , 48024524 , 2.16
0.08 , 1.14 , 0 , 48048860 , 2.17
0.07 , 1.14 , 0 , 48073188 , 1.94
0.07 , 1.14 , 0 , 48097528 , 2.10
0.07 , 1.14 , 0 , 48121852 , 2.12
0.06 , 1.14 , 0 , 48146152 , 2.05
0.06 , 1.14 , 0 , 48170476 , 2.17
0.06 , 1.14 , 0 , 48194820 , 2.12
0.05 , 1.14 , 0 , 48219156 , 2.07
0.05 , 1.14 , 0 , 48243480 , 2.01
0.05 , 1.14 , 0 , 48267816 , 2.16
0.04 , 1.14 , 0 , 48292140 , 2.18
0.04 , 1.14 , 0 , 48316480 , 2.06
0.04 , 1.14 , 0 , 48340812 , 2.23
0.03 , 1.14 , 0 , 48365152 , 2.05
0.03 , 1.14 , 0 , 48389464 , 2.07
0.02 , 1.14 , 0 , 48413748 , 2.17
0.02 , 1.14 , 0 , 48438052 , 2.14
0.02 , 1.14 , 0 , 48462392 , 2.07
0.01 , 1.14 , 0 , 48486708 , 2.17
0.01 , 1.14 , 0 , 48511036 , 2.12
0.01 , 1.14 , 0 , 48535320 , 2.07
0.00 , 1.14 , 0 , 48559612 , 2.28
0.00 , 1.14 , 0 , 48583924 , 2.07
-0.00 , 1.14 , 0 , 48608196 , 2.18
-0.01 , 1.14 , 0 , 48632508 , 2.09
-0.01 , 1.14 , 0 , 48656836 , 2.13
-0.01 , 1.14 , 0 , 48681156 , 2.08
-0.02 , 1.14 , 0 , 48705476 , 2.08
-0.02 , 1.14 , 0 , 48729816 , 2.23
-0.02 , 1.14 , 0 , 48754096 , 2.07
-0.03 , 1.14 , 0 , 48778424 , 2.18
-0.03 , 1.14 , 0 , 48802744 , 2.09
-0.03 , 1.14 , 0 , 48827072 , 1.97
-0.04 , 1.14 , 0 , 48851428 , 2.17
-0.04 , 1.14 , 0 , 48875708 , 2.18
-0.04 , 1.14 , 0 , 48900040 , 2.07
-0.05 , 1.14 , 0 , 48924364 , 2.24
-0.05 , 1.14 , 0 , 48948688 , 1.98
-0.05 , 1.14 , 0 , 48972996 , 2.28
-0.06 , 1.14 , 0 , 48997296 , 2.07
-0.06 , 1.14 , 0 , 49021572 , 2.19
-0.06 , 1.14 , 0 , 49045892 , 2.16
-0.07 , 1.14 , 0 , 49070188 , 2.06
-0.07 , 1.14 , 0 , 49094500 , 2.08
-0.07 , 1.14 , 0 , 49118784 , 2.18
-0.07 , 1.14 , 0 , 49144400 , 0.00
-0.07 , 1.14 , 0 , 49169940 , 0.00
-0.07 , 1.14 , 0 , 49195468 , 0.00
